1738.774036
454.615551
314.179208
181.767968
134.002189
122.944202
100.115108
95.810748
80.469883
74.752532
68.579514
58.020431
53.995571
50.592312
48.512643
45.676089
40.352215
38.292485
36.960010
36.280580
34.652078
31.599979
30.331754
28.984350
27.233535
26.447988
25.711202
24.594682
24.125748
22.253417
21.752644
20.868628
20.301502
20.208877
19.465783
18.695608
18.505272
18.268661
17.597352
17.113075
16.776648
16.505141
16.217951
15.303059
14.954027
14.537187
14.371405
13.984895
13.681816
13.579988
13.276930
13.097901
12.447837
12.346811
11.950025
11.778924
11.440002
11.345666
11.186247
10.964680
10.856473
10.595072
10.332323
10.276724
10.088052
9.910090
9.806671
9.613690
9.504276
9.409575
9.258305
9.169719
8.970317
8.793744
8.771023
8.598895
8.583554
8.501115
8.405530
8.177273
8.124100
8.005781
7.826446
7.783131
7.760208
7.662776
7.610388
7.393744
7.388087
7.269111
7.243595
7.197234
7.120969
7.000213
6.910362
6.857721
6.754968
6.725994
6.660842
6.564510
6.534207
6.482588
6.407556
6.357687
6.270269
6.217083
6.154035
6.114463
6.030403
6.010968
5.986140
5.852155
5.811617
5.782180
5.715003
5.667358
5.650070
5.574132
5.514064
5.471866
5.453525
5.430305
5.419192
5.314455
5.259027
5.225973
5.199284
5.113532
5.093117
5.054696
5.006479
5.001961
4.946257
4.924611
4.860703
4.839478
4.811447
4.776496
4.736289
4.707036
4.662488
4.635550
4.616653
4.569027
4.517253
4.509402
4.494018
4.481324
4.438171
4.418223
4.393277
4.342713
4.322913
4.311465
4.236472
4.219784
4.204782
4.190726
4.156581
4.132490
4.107868
4.060647
4.031170
4.002445
3.980587
3.966952
3.944505
3.913472
3.896590
3.866418
3.829399
3.802351
3.779903
3.768422
3.742122
3.727276
3.705990
3.686511
3.663575
3.640928
3.632355
3.601236
3.575439
3.555242
3.548646
3.535096
3.501723
3.450558
3.441759
3.416158
3.395700
3.385525
3.374565
3.367031
3.355384
3.321682
3.297806
3.281651
3.276149
3.255652
3.239417
3.235324
3.219043
3.204788
3.184809
3.172857
3.163344
3.124294
3.111900
3.101435
3.094037
3.074806
3.070394
3.057945
3.054056
3.033093
3.031077
3.005329
2.995494
2.980691
2.961373
2.944140
2.932994
2.926131
2.918841
2.902452
2.880537
2.865229
2.856764
2.848493
2.831242
2.823777
2.792163
2.786193
2.776016
2.772613
2.761718
2.755670
2.729644
2.718906
2.713629
2.701952
2.684372
2.683264
2.671861
2.653305
2.646919
2.636477
2.619876
2.616490
2.610508
2.596566
2.595973
2.588015
2.568732
2.556830
2.541151
2.538276
2.528969
2.514739
2.490444
2.484221
2.474605
2.461143
2.452150
2.447276
2.445482
2.426528
2.421812
2.413146
2.406412
2.392975
2.391020
2.380769
2.371151
2.363173
2.351527
2.348482
2.337061
2.323693
2.320235
2.311465
2.300916
2.297185
2.287843
2.284703
2.263038
2.255405
2.246181
2.237549
2.230969
2.229304
2.220825
2.205908
2.201914
2.194021
2.182789
2.172986
2.167650
2.161922
2.155892
2.141912
2.137619
2.127267
2.122088
2.118298
2.114503
2.110593
2.099146
2.090321
2.083221
2.077923
2.074983
2.072287
2.060944
2.056459
2.053210
2.043757
2.036805
2.033754
2.024606
2.016827
2.008116
2.002891
1.992672
1.990346
1.976098
1.973233
1.964304
1.960283
1.957022
1.952522
1.945449
1.935118
1.925203
1.921523
1.920188
1.914239
1.907614
1.905517
1.899710
1.889543
1.878989
1.875588
1.870396
1.866668
1.857892
1.851790
1.848080
1.847753
1.842669
1.836424
1.830848
1.827732
1.819226
1.811164
1.805393
1.804048
1.800954
1.796132
1.792279
1.782716
1.780335
1.774401
1.772171
1.767466
1.760209
1.753468
1.747014
1.746235
1.741079
1.734755
1.727001
1.722587
1.717598
1.713472
1.710150
1.702982
1.696577
1.694949
1.689564
1.685089
1.678228
1.675199
1.670548
1.668833
1.663903
1.659744
1.656790
1.652651
1.648645
1.642789
1.639584
1.637443
1.633758
1.629302
1.622913
1.619681
1.612097
1.607760
1.601919
1.598501
1.594780
1.586956
1.583072
1.579488
1.574872
1.572761
1.571409
1.566627
1.564727
1.559122
1.556268
1.549601
1.548213
1.547150
1.541296
1.531999
1.531193
1.527444
1.523277
1.519298
1.513953
1.512322
1.504688
1.504357
1.502270
1.499470
1.496227
1.491196
1.488299
1.485823
1.483475
1.477190
1.472634
1.471074
1.466383
1.455974
1.455846
1.453522
1.451296
1.449608
1.444704
1.441207
1.437675
1.435311
1.430970
1.428700
1.423306
1.420425
1.420004
1.414441
1.410514
1.406708
1.406015
1.402400
1.400721
1.399175
1.394500
1.389225
1.383869
1.382302
1.379176
1.376741
1.371605
1.368111
1.365724
1.362996
1.361004
1.359153
1.354417
1.349243
1.345900
1.345647
1.342426
1.340466
1.337991
1.334697
1.327804
1.326988
1.325555
1.323669
1.321946
1.318581
1.315351
1.313427
1.307454
1.303541
1.300835
1.297465
1.295769
1.293316
1.287002
1.286291
1.285252
1.281596
1.280719
1.276025
1.273516
1.272411
1.270564
1.266947
1.264748
1.261270
1.260561
1.258424
1.253352
1.251802
1.249008
1.243695
1.240777
1.239712
1.236617
1.236120
1.233041
1.228526
1.226913
1.226443
1.223390
1.222658
1.219638
1.215021
1.208934
1.208262
1.205913
1.202418
1.202233
1.198450
1.194602
1.193885
1.192653
1.188657
1.186975
1.184169
1.180975
1.178909
1.178448
1.176400
1.173850
1.170540
1.167645
1.165424
1.164471
1.160855
1.158386
1.157145
1.154525
1.150733
1.149956
1.147001
1.145907
1.142852
1.141198
1.140863
1.139991
1.138215
1.133300
1.131915
1.130114
1.128787
1.124474
1.121776
1.117283
1.116354
1.115057
1.113644
1.109911
1.108795
1.106109
1.105037
1.103105
1.100464
1.097331
1.096876
1.095602
1.093519
1.090781
1.090017
1.087405
1.081917
1.078827
1.078292
1.075535
1.074965
1.073542
1.071933
1.070508
1.067011
1.063979
1.062909
1.062496
1.061360
1.058492
1.055556
1.053533
1.052268
1.048672
1.047642
1.045797
1.044144
1.041908
1.040736
1.037494
1.036460
1.033581
1.030391
1.029922
1.028479
1.025650
1.023788
1.022429
1.019764
1.017285
1.016645
1.014297
1.013347
1.012049
1.009779
1.009462
1.006863
1.005232
1.002296
1.001179
0.999887
0.997188
0.995869
0.995735
0.992199
0.990000
0.988610
0.985518
0.984165
0.982583
0.980891
0.979114
0.977639
0.976116
0.974564
0.972415
0.970561
0.969547
0.967267
0.965476
0.964545
0.961169
0.960286
0.959638
0.957659
0.954435
0.954234
0.953422
0.952826
0.951084
0.949468
0.947738
0.946431
0.944709
0.941650
0.940639
0.939230
0.937073
0.936107
0.934103
0.932829
0.931919
0.931079
0.929178
0.927071
0.925342
0.923372
0.921574
0.920784
0.920271
0.919264
0.916585
0.916207
0.913477
0.910308
0.909195
0.907628
0.906926
0.904798
0.903653
0.901975
0.900129
0.898439
0.897958
0.896478
0.895738
0.894113
0.890858
0.889954
0.887285
0.885891
0.884595
0.883408
0.882431
0.881802
0.880124
0.878047
0.876639
0.876002
0.874315
0.873801
0.872637
0.871628
0.870565
0.867979
0.866397
0.865280
0.864830
0.863323
0.862288
0.860044
0.858116
0.857954
0.854549
0.853309
0.852646
0.851803
0.850489
0.849697
0.849261
0.847687
0.846019
0.844946
0.842849
0.840640
0.839320
0.838650
0.836824
0.834031
0.833498
0.832368
0.830844
0.830545
0.829125
0.826048
0.825286
0.824302
0.823307
0.821315
0.820093
0.818872
0.816900
0.816018
0.814561
0.813957
0.812058
0.810911
0.810410
0.808504
0.807370
0.806769
0.804412
0.803888
0.802124
0.801101
0.799755
0.798509
0.797123
0.796828
0.795523
0.794150
0.792544
0.791141
0.790199
0.788296
0.787839
0.786909
0.785302
0.784361
0.782612
0.781833
0.780357
0.778552
0.777481
0.776907
0.774940
0.773664
0.772559
0.772015
0.770419
0.768871
0.768197
0.767505
0.765535
0.764964
0.763506
0.762516
0.760817
0.759988
0.758964
0.758063
0.756980
0.755021
0.753868
0.753058
0.751557
0.751019
0.750900
0.747847
0.747007
0.745780
0.745214
0.743459
0.742116
0.740710
0.740363
0.738433
0.736999
0.736310
0.735832
0.733759
0.732322
0.730772
0.729800
0.728671
0.727499
0.727022
0.725515
0.724853
0.723468
0.723107
0.720972
0.720902
0.720633
0.718580
0.717307
0.716144
0.715165
0.714300
0.713455
0.712875
0.711935
0.710196
0.708979
0.708211
0.706338
0.705224
0.704965
0.703536
0.703108
0.702141
0.700908
0.699071
0.697531
0.696098
0.695129
0.694744
0.694049
0.692681
0.690520
0.689437
0.688879
0.687727
0.686638
0.686419
0.684539
0.683927
0.681844
0.680890
0.680306
0.678602
0.677602
0.676974
0.676098
0.675345
0.674263
0.673369
0.672484
0.671383
0.670954
0.670419
0.669092
0.666751
0.665178
0.663772
0.662918
0.662858
0.662172
0.660780
0.659780
0.659284
0.658436
0.657497
0.656767
0.655216
0.654093
0.652278
0.651964
0.651230
0.650271
0.649358
0.648403
0.647347
0.645993
0.645751
0.643576
0.642741
0.641829
0.641025
0.639914
0.638549
0.638345
0.637532
0.636547
0.634819
0.633948
0.632901
0.631804
0.631088
0.628641
0.627306
0.626608
0.625683
0.624397
0.623965
0.622640
0.622211
0.621994
0.620483
0.619429
0.619323
0.618365
0.617086
0.615747
0.614234
0.613987
0.613375
0.612366
0.611445
0.610502
0.609536
0.607112
0.606276
0.605688
0.604332
0.603986
0.603011
0.602121
0.601007
0.599830
0.599095
0.597600
0.595773
0.594074
0.593622
0.592077
0.591558
0.590804
0.589521
0.588158
0.587457
0.587290
0.585711
0.584886
0.584101
0.583222
0.581594
0.581082
0.580848
0.580340
0.579699
0.577312
0.576756
0.575014
0.574153
0.572504
0.571808
0.570804
0.569025
0.568559
0.567148
0.566635
0.564878
0.564569
0.563729
0.563204
0.561588
0.560528
0.559757
0.558440
0.557627
0.555601
0.554288
0.553368
0.552449
0.551185
0.550016
0.549607
0.548987
0.547803
0.545438
0.544680
0.543203
0.542434
0.540903
0.540151
0.539321
0.537330
0.536593
0.536093
0.535483
0.533104
0.531553
0.531031
0.529711
0.528784
0.527672
0.526057
0.524729
0.523302
0.521895
0.520276
0.519448
0.517861
0.516007
0.514010
0.511913
0.511767
0.510163
0.506333
0.504218
