1
1
1
1
1
1
1
1
1
1
1
1
1
1
1
1
1
1
1
1
1
0.997527
0.998286
0.998335
0.99818
0.997445
0.99719
0.995775
0.995405
0.995473
0.995683
0.997402
0.997094
0.996914
0.997114
0.997253
0.996511
0.997309
0.997341
0.997403
0.997514
0.997538
0.997571
0.997789
0.997424
0.997728
0.997533
0.997248
0.99768
0.997532
0.997269
0.997283
0.996705
0.996518
0.996797
0.99795
0.998235
0.998159
0.997741
0.998214
0.99814
0.997688
0.997726
0.997915
0.997992
0.997635
0.997379
0.997504
0.997539
0.997468
0.997308
0.997301
0.997481
0.998063
0.998085
0.9981
0.997971
0.99804
0.997897
0.997894
0.997989
0.997875
0.997827
0.997717
0.997787
0.997807
0.997645
0.997489
0.99753
0.997682
0.997912
0.998037
0.997959
0.997791
0.99783
0.998151
0.998213
0.998113
0.998158
0.998167
0.998349
0.998301
0.998256
0.99811
0.998299
0.998256
0.998387
0.998291
0.998272
0.998198
0.998133
0.998234
0.998188
0.998283
0.998169
0.998147
0.998036
0.998136
0.998076
0.998059
0.998059
0.997926
0.997822
0.99784
0.997802
0.997693
0.997605
0.997539
0.99755
0.997568
0.997664
0.99777
0.997874
0.99801
0.998212
0.998119
0.998058
0.998106
0.99812
0.998061
0.998213
0.998201
0.998279
0.998325
0.998335
0.998236
0.998164
0.998263
0.998292
0.998259
0.998251
0.998159
0.998153
0.998152
0.998099
0.998102
0.998209
0.99824
0.998255
0.998278
0.998375
0.998344
0.998239
0.998323
0.998317
0.998436
0.99839
0.998435
0.998366
0.998354
0.998368
0.998336
0.998296
0.998341
0.998267
0.998176
0.998204
0.998132
0.998135
0.998239
0.998185
0.998157
0.998058
0.998159
0.99824
0.998259
0.998179
0.998235
0.998243
0.998209
0.998213
0.998204
0.998138
0.998185
0.998084
0.998084
0.998047
0.998062
0.998057
0.998063
0.998106
0.99807
0.99799
0.997996
0.99799
0.998039
0.998084
0.998042
0.998035
0.998093
0.998067
0.998063
0.998168
0.998104
0.99812
0.998183
0.998216
0.998218
0.998186
0.998167
0.998188
0.998305
0.998316
0.99833
0.998374
0.998363
0.998354
0.998305
0.998265
0.998317
0.998304
0.99826
0.998127
0.998151
0.998163
0.998196
0.99825
0.998343
0.998383
0.998354
0.998328
0.998367
0.998359
0.998311
0.998374
0.998307
0.9983
0.99833
0.998285
0.99828
0.998321
0.998349
0.998383
0.998409
0.998431
0.998416
0.998445
0.998488
0.998462
0.998486
0.998497
0.998499
0.998521
0.99852
0.998512
0.998516
0.998521
0.998506
0.998506
0.998489
0.998519
0.998532
0.998523
0.998496
0.998475
0.998523
0.998522
0.99852
0.998463
0.998437
0.998364
0.998275
0.998282
0.998257
0.99818
0.998167
0.998159
0.998215
0.998252
0.998219
0.998176
0.998222
0.998184
0.998149
0.998078
0.998078
0.998136
0.998134
0.998162
0.998122
0.998177
0.998179
0.998128
0.99815
0.998133
0.99812
0.998162
0.998187
0.998175
0.998166
0.998167
0.998157
0.998137
0.998105
0.998053
0.997998
0.997966
0.997983
0.997969
0.997968
0.997955
0.997979
0.997982
0.998018
0.997958
0.997977
0.99795
0.997946
0.997942
0.997919
0.99793
0.997917
0.997968
0.997986
0.998059
0.998069
0.997997
0.998058
0.99807
0.998084
0.99806
0.99812
0.998154
0.998151
0.998121
0.998127
0.998099
0.998068
0.998051
0.99808
0.99809
0.99807
0.99806
0.998047
0.998076
0.998059
0.998098
0.998116
0.998113
0.998101
0.998078
0.998059
0.998071
0.998097
0.998078
0.998069
0.998075
0.998081
0.998025
0.998017
0.998024
0.99801
0.998025
0.998038
0.998056
0.998067
0.998079
0.99808
0.998059
0.998076
0.998037
0.998102
0.998075
0.998101
0.998111
0.998056
0.998057
0.998046
0.998051
0.998039
0.998044
0.998041
0.998074
0.998052
0.998041
0.998038
0.998068
0.998067
0.998057
0.998037
0.998058
0.998088
0.998061
0.998073
0.998061
0.997977
0.998008
0.998005
0.998008
0.998013
0.998033
0.998
0.998069
0.998109
0.998067
0.998062
0.998009
0.99797
0.997983
0.99796
0.997976
0.998005
0.998028
0.998031
0.998015
0.998072
0.998061
0.998053
0.998078
0.99809
0.998106
0.998117
0.998087
0.998065
0.99802
0.997987
0.998029
0.998044
0.998035
0.997993
0.998044
0.998007
0.998025
0.998002
0.997973
0.997998
0.998001
0.998003
0.998006
0.997972
0.997933
0.997895
0.997875
0.997865
0.997829
0.997835
0.997854
0.997883
0.997913
0.997917
0.997867
0.997867
0.99783
0.99781
0.997792
0.997817
0.997796
0.997793
0.99776
0.997743
0.997738
0.997709
0.997693
0.997691
0.997745
0.99774
0.997795
0.997771
0.997769
0.997853
0.997805
0.99781
0.997819
0.997858
0.997861
0.997813
0.99782
0.997823
0.997843
0.997841
0.997865
0.99788
0.997886
0.997846
0.997906
0.997888
0.997933
0.99792
0.99788
0.997885
0.99788
0.997896
0.997887
0.997865
0.997866
0.997909
0.997897
0.997884
0.997923
0.997949
0.99796
0.997963
0.997944
0.997965
0.997949
0.99798
0.998008
0.998041
0.998077
0.99813
0.998124
0.998088
0.998049
0.99808
0.998036
0.997975
0.997994
0.998013
0.997998
0.997984
0.998013
0.99802
0.998026
0.997995
0.998009
0.998029
0.998038
0.998032
0.998048
0.998006
0.997971
0.997981
0.998013
0.998031
0.998029
0.998008
0.997999
0.998042
0.998013
0.99802
0.998015
0.998051
0.998045
0.998056
0.998065
0.997997
0.998001
0.998013
0.998034
0.998029
0.998062
0.998129
0.998181
0.998212
0.998186
0.998187
0.998182
0.998205
0.99819
0.998165
0.99818
0.99818
0.998181
0.99813
0.998128
0.998079
0.998088
0.998116
0.998086
0.998059
0.998063
0.998055
0.998061
0.998086
0.998106
0.99812
0.998122
0.99812
0.998128
0.998171
0.998168
0.998155
0.998163
0.998157
0.998204
0.998154
0.998177
0.998182
0.998185
0.998159
0.998159
0.998175
0.998139
0.998141
0.998156
0.998153
0.998178
0.998205
0.99824
0.998274
0.998242
0.998244
0.998248
0.998223
0.998239
0.998205
0.998212
0.998176
0.998176
0.99815
0.998125
0.998179
0.998159
0.998162
0.998124
0.998151
0.998191
0.998178
0.998186
0.998204
0.99818
0.998113
0.998135
0.998142
0.998134
0.998118
0.998101
0.998188
0.998171
0.998178
0.998191
0.998139
0.998127
0.998143
0.998119
0.998133
0.998151
0.998162
0.998182
0.998219
0.998192
0.99824
0.998265
0.998246
0.998341
0.998314
0.998275
0.998273
0.998242
0.998226
0.998203
0.998202
0.998178
0.998163
0.998114
0.998141
0.998083
0.998073
0.998061
0.998
0.998052
0.998089
0.998161
0.998187
0.998192
0.998182
0.998159
0.998145
0.998203
0.998187
0.998204
0.998246
0.998305
0.9983
0.99831
0.998309
0.998294
0.998256
0.998253
0.998229
0.998204
0.998168
0.998167
0.998187
0.998191
0.998178
0.998195
0.998224
0.998242
0.998278
0.998276
0.9983
0.998298
0.998283
0.99826
0.998299
0.998279
0.998301
0.998251
0.998241
0.998255
0.998284
0.998273
0.998301
0.998272
0.998275
0.998289
0.998287
0.998281
0.998273
0.998257
0.998293
0.998325
0.998376
0.998428
0.99838
0.998417
0.998411
0.998453
0.998486
0.998523
0.998529
0.998551
0.998549
0.998583
0.998549
0.998549
0.998521
0.998452
0.998475
0.998485
0.998472
0.998486
0.99849
0.998496
0.998503
0.998415
0.998409
0.998433
0.998439
0.998449
0.998413
0.998373
0.998365
0.99845
0.9984
0.998426
0.998429
0.998441
0.998471
0.998464
0.998445
0.998499
0.998515
0.998552
0.998536
0.998515
0.998509
0.998507
0.998483
0.998463
0.998457
0.99845
0.998429
0.998397
0.998411
0.998385
0.998405
0.998436
0.998411
0.998499
0.998507
0.998512
0.998447
0.998467
0.998435
0.998395
0.998416
0.998402
0.998438
0.998386
0.998434
0.998467
0.998457
0.998408
0.998445
0.998522
0.998572
0.998583
0.998591
0.998562
0.998553
0.998561
0.998558
0.998556
0.998531
0.998517
0.998503
0.998568
0.998548
0.998562
0.998575
0.998592
0.998608
0.998663
0.998667
0.998664
0.998719
0.998682
0.998645
0.998599
0.998646
0.998675
0.998693
0.998668
0.998672
0.998666
0.998685
0.998689
0.998666
0.998626
0.998591
0.998612
0.998631
0.99865
0.998652
0.998649
0.9986
0.998621
0.99866
0.998694
0.998643
0.99863
0.998643
0.99875
0.998756
0.998737
0.998723
0.99873
0.998701
0.998716
0.998721
0.99874
0.998737
0.998741
0.998754
0.998745
0.998757
0.998702
0.998662
0.998647
0.998611
0.998609
0.998584
0.9986
0.998581
0.998561
0.998615
0.998644
0.998674
0.998664
0.998618
0.99861
0.9986
0.998597
0.998581
0.998648
0.99862
0.998582
0.998615
0.998575
0.998547
0.998504
0.998542
0.998538
0.998567
0.998552
0.998505
0.998534
0.998508
0.998511
0.998502
0.998544
0.998517
0.998532
0.99847
0.998462
0.998465
0.998514
0.998452
0.998521
0.998546
0.998565
0.998602
0.998636
0.998648
0.99863
0.998605
0.998616
0.998624
0.998601
0.998633
0.998625
0.99865
0.998655
0.998664
0.998641
0.998647
0.998594
0.998656
0.99867
0.998746
0.998716
0.998713
0.99878
0.998816
0.998774
0.99877
0.998785
0.998816
0.998871
0.998819
0.998873
0.998803
0.998856
0.99891
0.99888
0.998854
0.998873
0.998932
0.998889
0.998937
0.998873
0.998865
0.998858
0.998888
0.99894
0.998903
0.998925
0.998921
0.998957
0.998949
0.998917
0.998933
0.998944
0.998943
0.998974
0.99892
0.998942
0.998939
0.998889
0.998787
0.998697
0.998676
0.998651
0.998573
0.99856
0.998575
0.998585
0.998567
0.998567
0.998587
0.998564
0.998539
0.998535
0.998515
0.998527
0.998502
0.998541
0.998587
0.998597
0.998617
0.998616
0.998527
0.998515
0.998458
0.998446
0.998444
0.998402
0.998447
0.998404
0.998349
0.998385
0.99834
0.998272
0.998332
0.998411
0.998424
0.99841
0.998438
0.998383
0.998421
0.998406
0.998397
0.998282
0.998239
0.99824
0.998232
0.998218
0.998293
0.998282
0.99822
0.998326
0.998424
0.998492
0.998481
0.998533
0.99845
0.998473
0.998468
0.998447
0.99847
0.998479
0.998519
0.998481
0.998399
0.998406
0.998409
0.998384
0.998455
0.998348
0.998351
0.998301
0.998299
0.998343
0.998379
0.998444
0.998414
0.998343
0.998357
0.998325
0.998229
0.998173
0.998117
0.998189
0.998201
0.998299
0.998344
0.99843
0.998431
0.998481
0.998414
0.998369
0.998374
0.998355
0.998325
0.998309
0.998411
0.998429
0.998473
0.998408
0.998439
0.998436
0.998474
0.998522
0.998564
0.998502
0.998402
0.998338
0.998461
0.998456
0.998435
0.998341
0.99839
0.998446
0.998487
0.998526
0.998498
0.998533
0.998604
0.998549
0.998513
0.998362
0.998308
0.998425
0.99849
0.998482
0.998406
0.998437
0.998412
0.998339
0.998436
0.998485
0.998531
0.998588
0.998542
0.998438
0.998527
0.998468
0.99838
0.998364
0.998299
0.998347
0.99832
0.998323
0.998442
0.998423
0.998453
0.998404
0.998288
0.998387
0.998295
0.998228
0.998249
0.998253
0.998288
0.998132
0.998085
0.998023
0.997898
0.997906
0.99794
0.997918
0.997892
0.997872
0.997862
0.99785
0.997728
0.997695
0.997524
0.997587
0.997692
0.997678
0.997525
0.997569
0.997669
0.997729
0.997516
0.997698
0.997805
0.997809
0.997851
0.997799
0.997834
0.997702
0.997642
0.997692
0.997727
0.997762
0.997692
0.997657
0.997698
0.997672
0.997588
0.997455
0.997307
0.997149
0.997175
0.997233
0.997217
0.997134
0.997206
0.997295
0.997405
0.997375
0.997323
0.997286
0.997315
0.997313
0.997358
0.997358
0.997547
0.997488
0.997501
0.99749
0.997685
0.99736
0.997432
0.997366
0.997288
0.997154
0.997138
0.997417
0.997598
0.997706
0.99765
0.997493
0.997524
0.997592
0.997583
0.997089
0.997044
0.996553
0.996471
0.996553
0.996429
0.996202
0.996148
0.996416
0.996268
0.996326
0.996562
0.996429
0.99631
0.996472
0.996593
0.996464
0.996419
0.996217
0.996233
0.996236
0.996021
0.996226
0.996072
0.995909
0.996007
0.996101
0.996148
0.996003
0.996092
0.996136
0.996664
0.996336
0.996415
0.996928
0.99676
0.996926
0.997362
0.997346
0.997254
0.997849
0.997912
0.998451
0.998465
0.997992
0.998055
0.997656
0.998073
0.997681
0.99766
0.997132
0.996845
0.996893
0.997218
0.99737
0.997149
0.995728
0.996996
0.99827
0.998431
0.998481
1.00064
1.00191
1.00011
1.00137
1.00034
1.00074
1.00123
0.999609
1.00323
1.00713
0.0457116
0.195262
0.400004
0.400293
0.417969
0.464725
0.480888
0.515125
0.522458
0.531002
0.548457
0.563622
0.596185
0.603293
0.604769
0.630848
0.63374
0.644736
0.662784
0.663836
0.677123
0.678313
0.6911
0.698756
0.713029
0.717122
0.719558
0.718945
0.724707
0.729561
0.730927
0.73588
0.738351
0.742052
0.742937
0.746671
0.746512
0.750452
0.754944
0.758423
0.76057
0.763941
0.768809
0.770569
0.772975
0.777381
0.785309
0.787345
0.790889
0.795117
0.797164
0.797895
0.803925
0.807292
0.808721
0.812561
0.814089
0.81558
0.823239
0.828995
0.833345
0.83874
0.839798
0.841987
0.841988
0.844502
0.844601
0.847366
0.847012
0.850246
0.853085
0.854606
0.85995
0.860331
0.860731
0.861539
0.86339
0.864806
0.864536
0.866144
0.866913
0.86948
0.872409
0.874479
0.875605
0.877201
0.879331
0.880846
0.881963
0.884237
0.884241
0.888968
0.891551
0.892349
0.892345
0.892722
0.893406
0.893658
0.894138
0.89632
0.896261
0.895352
0.8969
0.896216
0.896711
0.897082
0.897416
0.897857
0.898847
0.898611
0.899188
0.899291
0.901679
0.903119
0.902656
0.904645
0.906069
0.906636
0.906669
0.908172
0.90866
0.907811
0.90827
0.910498
0.912352
0.913341
0.91371
0.91524
0.916048
0.916899
0.916895
0.917746
0.918523
0.919019
0.919253
0.920265
0.921487
0.921449
0.922846
0.923307
0.924151
0.924162
0.92476
0.925122
0.925063
0.92508
0.924514
0.924869
0.924965
0.926007
0.926128
0.926747
0.92647
0.926915
0.928376
0.928234
0.928977
0.930077
0.930494
0.931553
0.931515
0.93137
0.931012
0.931652
0.931603
0.931785
0.932127
0.933946
0.934732
0.934871
0.935763
0.936463
0.936827
0.937326
0.937592
0.937448
0.937854
0.938757
0.93874
0.939025
0.939456
0.939257
0.93913
0.939839
0.940014
0.940453
0.941295
0.941026
0.941569
0.941746
0.94156
0.94167
0.942272
0.942436
0.942628
0.943183
0.943378
0.943797
0.943466
0.944699
0.945183
0.945184
0.945694
0.946054
0.946134
0.947155
0.947964
0.948186
0.947999
0.94771
0.947767
0.947957
0.948062
0.948093
0.948511
0.949276
0.949725
0.949334
0.949918
0.949812
0.949454
0.949454
0.949128
0.949441
0.950127
0.950241
0.950363
0.950435
0.950891
0.951846
0.951886
0.951934
0.952264
0.952378
0.95279
0.953122
0.953506
0.953266
0.95345
0.954207
0.95461
0.954758
0.95467
0.9549
0.955205
0.955268
0.955119
0.955666
0.95599
0.956073
0.956319
0.956609
0.956905
0.956862
0.95698
0.956905
0.957121
0.957343
0.957019
0.956987
0.956973
0.956961
0.956859
0.957317
0.957122
0.957105
0.957369
0.957291
0.957186
0.957101
0.957483
0.957891
0.957783
0.957652
0.957922
0.957969
0.95838
0.958268
0.958129
0.958619
0.95893
0.958884
0.958915
0.95938
0.959742
0.959789
0.960022
0.959784
0.959697
0.959816
0.95984
0.959878
0.959834
0.960001
0.960034
0.960145
0.960076
0.960049
0.959822
0.959836
0.959778
0.960152
0.960138
0.960324
0.960327
0.960462
0.960973
0.960954
0.961386
0.961647
0.961509
0.961822
0.961798
0.961689
0.961787
0.962138
0.961888
0.961946
0.961956
0.962249
0.962491
0.962529
0.962633
0.962436
0.962319
0.962478
0.962705
0.962804
0.962783
0.962843
0.963074
0.962919
0.963233
0.96334
0.963458
0.963431
0.963548
0.963747
0.963733
0.963635
0.96381
0.964043
0.96419
0.964205
0.964216
0.964287
0.964227
0.964385
0.964636
0.964845
0.965108
0.965297
0.965505
0.965704
0.96585
0.966524
0.96676
0.966693
0.9666
0.966628
0.966951
0.966849
0.966801
0.967008
0.96732
0.96734
0.967454
0.967626
0.967563
0.967357
0.967095
0.96723
0.967495
0.967404
0.967758
0.968021
0.968221
0.968297
0.968147
0.968144
0.968219
0.96818
0.96801
0.967978
0.967702
0.967779
0.967843
0.96794
0.968274
0.968216
0.968287
0.968409
0.968551
0.968873
0.968824
0.968667
0.968693
0.969168
0.969068
0.969058
0.969151
0.969089
0.969398
0.969353
0.969541
0.969565
0.969889
0.96996
0.970487
0.970524
0.970521
0.970601
0.970719
0.970673
0.970587
0.970594
0.97057
0.970501
0.970161
0.970045
0.970164
0.9699
0.96997
0.969865
0.969728
0.969615
0.969522
0.969497
0.969472
0.969453
0.969355
0.969465
0.969395
0.96947
0.969363
0.969435
0.96952
0.969286
0.969237
0.969142
0.969197
0.969202
0.969122
0.969302
0.969367
0.969243
0.969241
0.969299
0.969401
0.969332
0.969145
0.969128
0.969528
0.969535
0.969304
0.969229
0.969665
0.969839
0.969876
0.970023
0.970025
0.97011
0.970445
0.97083
0.971161
0.971194
0.971179
0.971323
0.97139
0.971863
0.971776
0.97185
0.972055
0.971809
0.971973
0.971975
0.971946
0.971895
0.971466
0.971697
0.971627
0.971552
0.971688
0.971536
0.971571
0.971699
0.97181
0.971863
0.971972
0.971792
0.97193
0.97201
0.972266
0.972133
0.972284
0.972394
0.972793
0.972979
0.973065
0.973252
0.973475
0.973754
0.973759
0.97375
0.973911
0.974001
0.973839
0.973815
0.973856
0.973876
0.973776
0.973599
0.973579
0.973639
0.973689
0.973985
0.973963
0.973927
0.973898
0.973873
0.973938
0.974059
0.974063
0.973849
0.973663
0.973819
0.973866
0.973812
0.97404
0.974074
0.974501
0.974727
0.974798
0.974542
0.974772
0.974634
0.974805
0.974846
0.974907
0.975159
0.97531
0.975314
0.975194
0.974928
0.974806
0.974875
0.974712
0.974736
0.974593
0.97441
0.974247
0.97417
0.973954
0.974119
0.974347
0.974368
0.974582
0.974407
0.974223
0.974114
0.973957
0.974085
0.974304
0.974096
0.973978
0.973775
0.973675
0.973777
0.973653
0.973589
0.973296
0.973436
0.973209
0.972998
0.972839
0.97292
0.972909
0.973052
0.973134
0.973006
0.973101
0.973231
0.97344
0.973361
0.973293
0.972979
0.97283
0.972871
0.973475
0.973394
0.973378
0.973501
0.973635
0.973423
0.973443
0.973608
0.973456
0.973319
0.972892
0.972997
0.97312
0.973229
0.973286
0.973299
0.973107
0.973054
0.973038
0.972889
0.972814
0.973029
0.97294
0.972925
0.973133
0.973544
0.973223
0.973058
0.97289
0.972864
0.972673
0.972362
0.972773
0.972603
0.97296
0.973263
0.973215
0.973107
0.973647
0.97401
0.974057
0.974402
0.974149
0.974082
0.973958
0.973753
0.973746
0.973427
0.973555
0.973766
0.973724
0.97441
0.97425
0.974297
0.974335
0.974137
0.974208
0.974427
0.97462
0.974362
0.974111
0.974246
0.974008
0.97352
0.973429
0.973811
0.974039
0.973878
0.973981
0.974302
0.974645
0.974456
0.974318
0.974398
0.974046
0.973733
0.973806
0.973587
0.97349
0.973459
0.973564
0.973683
0.974314
0.974158
0.973996
0.973616
0.973895
0.973714
0.973327
0.972799
0.973336
0.973242
0.972873
0.972596
0.972112
0.972045
0.971972
0.97161
0.971588
0.972382
0.972267
0.971658
0.971016
0.970707
0.970607
0.970988
0.971832
0.97139
0.971114
0.971322
0.971147
0.971035
0.971484
0.970933
0.970718
0.970738
0.970782
0.970559
0.970664
0.970599
0.970815
0.970558
0.970046
0.968909
0.968305
0.968663
0.967428
0.96738
0.966641
0.967555
0.967744
0.96662
0.965651
0.967195
0.96709
0.966972
0.96689
0.96301
0.960793
0.96366
0.963812
0.964864
0.968134
0.965889
0.966896
0.970747
0.974853
0.970649
0.967012
0.961015
