0.138229  0.138229
0.133725  0.133725
0.125632  0.125632
0.121977  0.121977
0.114726  0.114726
0.111543  0.111543
0.109674  0.109674
0.101778  0.101778
0.100077  0.100077
0.0962103  0.0962103
0.0924376  0.0924376
0.0872284  0.0872284
0.0835181  0.0835181
0.0726547  0.0726547
0.856449  0.856449
0.869861  0.869861
0.784703  0.784703
0.727632  0.727632
0.726555  0.726555
0.680261  0.680261
0.665229  0.665229
0.702827  0.706365
0.703214  0.702401
0.674363  0.689594
0.679372  0.682234
0.662195  0.673504
0.637925  0.653068
0.641248  0.650394
0.639281  0.642046
0.638747  0.631417
0.632873  0.629991
0.632231  0.627283
0.613146  0.620941
0.604022  0.617055
0.613338  0.612011
0.60727  0.606726
0.602886  0.6025
0.605973  0.598287
0.58652  0.597844
0.595117  0.593838
0.588203  0.591049
0.602611  0.586571
0.581851  0.586124
0.569968  0.584472
0.571289  0.584211
0.577453  0.582959
0.573703  0.581426
0.583123  0.577051
0.564671  0.574117
0.558572  0.57371
0.657871  0.660022
0.664114  0.659326
0.636032  0.65762
0.658404  0.654225
0.658528  0.651419
0.669885  0.647295
0.653918  0.645847
0.637053  0.644914
0.641899  0.643983
0.640329  0.64088
0.633728  0.6402
0.618759  0.638931
0.640978  0.638811
0.64965  0.637061
0.625598  0.635631
0.621943  0.634688
0.625601  0.634641
0.628506  0.634054
0.630843  0.633308
0.637474  0.630418
0.606059  0.629625
0.630572  0.628967
0.635341  0.628132
0.639204  0.627919
0.603772  0.627275
0.613684  0.625186
0.626055  0.624139
0.615368  0.623837
0.619584  0.621693
0.615452  0.621006
0.619891  0.620876
0.614677  0.619945
0.604467  0.61881
0.605024  0.61807
0.612009  0.617622
0.618549  0.617516
0.610997  0.616373
0.603462  0.616037
0.608747  0.615353
0.610386  0.614813
0.614768  0.613335
0.618137  0.612919
0.600832  0.612301
0.601229  0.611774
0.610258  0.610332
0.623636  0.609754
0.608533  0.609383
0.593993  0.608776
0.596471  0.608548
0.592673  0.608459
0.608623  0.6082
0.590851  0.607897
0.601798  0.606166
0.60452  0.605879
0.605107  0.605036
0.617891  0.604779
0.620009  0.604376
0.59656  0.603573
0.602659  0.603083
0.601802  0.603041
0.583806  0.602966
0.605263  0.602655
0.593177  0.601324
0.589465  0.600766
0.589779  0.600203
0.587528  0.599713
0.598298  0.599526
0.609377  0.599365
0.590805  0.598931
0.597611  0.598429
0.595777  0.597846
0.589302  0.597516
0.586675  0.596845
0.584721  0.596617
0.58863  0.59618
0.574491  0.596097
0.600902  0.595094
0.601254  0.594867
0.580512  0.594208
0.587838  0.593917
0.584522  0.593774
0.587741  0.593469
0.583479  0.592807
0.605654  0.592576
0.600937  0.592463
0.587493  0.592016
0.578332  0.591457
0.587502  0.591295
0.596033  0.590147
0.574061  0.589991
0.58975  0.589684
0.579255  0.589147
0.584325  0.589105
0.593033  0.589
0.599921  0.588542
0.579084  0.58835
0.582166  0.588144
0.582098  0.587867
0.584236  0.587516
0.570863  0.587386
0.585469  0.586709
0.578277  0.586646
0.57608  0.586284
0.587732  0.585786
0.577148  0.585306
0.591435  0.585168
0.586366  0.584777
0.596938  0.584212
0.571585  0.583933
0.580664  0.583804
0.584919  0.583575
0.580887  0.583393
0.576794  0.583085
0.575943  0.582507
0.574201  0.582503
0.582298  0.582079
0.576631  0.582009
0.587293  0.581807
0.574942  0.581368
0.702703  0.711883
0.69454  0.711626
0.695146  0.710698
0.705744  0.710587
0.71627  0.709534
0.704535  0.709482
0.717117  0.709246
0.716264  0.709168
0.690664  0.708341
0.704993  0.708271
0.706377  0.708166
0.698104  0.707677
0.706851  0.707481
0.70333  0.706712
0.711878  0.706031
0.698204  0.70589
0.696708  0.705666
0.703875  0.705578
0.701025  0.705413
0.702527  0.705124
0.707681  0.704895
0.698944  0.704611
0.693452  0.704494
0.693704  0.703905
0.679007  0.703595
0.699781  0.703173
0.706139  0.702562
0.694652  0.701821
0.689856  0.701746
0.698293  0.701197
0.696128  0.700996
0.706654  0.700641
0.698904  0.70021
0.68887  0.700143
0.689372  0.699862
0.709224  0.699802
0.68924  0.699145
0.709126  0.698834
0.685658  0.698243
0.687028  0.697982
0.705775  0.697659
0.691472  0.697469
0.677906  0.697408
0.690521  0.696806
0.688837  0.696232
0.698381  0.696054
0.683035  0.695552
0.704885  0.695343
0.686512  0.695132
0.681142  0.695053
0.691094  0.694566
0.687699  0.694468
0.685958  0.69386
0.694799  0.693643
0.683236  0.693313
0.682591  0.693113
0.682125  0.692485
0.681011  0.692391
0.673715  0.691835
0.684708  0.691674
0.686345  0.691617
0.684442  0.691224
0.692552  0.691082
0.684541  0.690799
0.688661  0.690519
0.687098  0.690248
0.694552  0.689844
0.691648  0.689721
0.693896  0.689561
0.685888  0.689489
0.684672  0.688739
0.688656  0.688577
0.684185  0.688294
0.683282  0.687604
0.684425  0.687518
0.6881  0.687334
0.678533  0.687201
0.681675  0.687181
0.674614  0.687132
0.671991  0.686936
0.677084  0.686678
0.684992  0.686194
0.679886  0.685833
0.670101  0.685467
0.675413  0.685237
0.684095  0.685058
0.675175  0.684624
0.68559  0.68438
0.67272  0.683967
0.671041  0.68376
0.681716  0.683396
0.670529  0.683245
0.669129  0.683044
0.670132  0.682985
0.663126  0.682778
0.664387  0.682482
0.670462  0.682431
0.672776  0.68214
0.671797  0.6821
0.670236  0.681938
0.667861  0.68152
0.672728  0.681283
0.684249  0.680782
0.669014  0.680579
0.674015  0.680087
0.665598  0.679701
0.68488  0.679682
0.661227  0.679388
0.667479  0.678901
0.676047  0.678877
0.679727  0.678578
0.660563  0.678273
0.685368  0.677936
0.687009  0.677629
0.687206  0.677221
0.666713  0.67714
0.675985  0.676694
0.667516  0.67636
0.668567  0.675936
0.658948  0.675665
0.664759  0.675544
0.664  0.675321
0.676165  0.675221
0.653432  0.674857
0.663557  0.67444
0.659937  0.674065
0.675024  0.673869
0.684035  0.673692
0.649976  0.673048
0.679305  0.673008
0.663927  0.67284
0.680578  0.672742
0.666058  0.672302
0.674988  0.671912
0.666348  0.671708
0.649304  0.671083
0.665839  0.670994
0.665308  0.670523
0.665478  0.670442
0.662831  0.670314
0.674069  0.670241
0.670239  0.670088
0.663603  0.669562
0.669791  0.669178
0.658324  0.668919
0.667964  0.668706
0.655536  0.668369
0.656221  0.668174
0.671007  0.668026
0.66412  0.667526
0.67132  0.667341
0.660663  0.666964
0.660284  0.666871
0.661139  0.666551
0.665089  0.666449
0.676396  0.666108
0.661832  0.665959
0.675474  0.665624
0.669955  0.665577
0.655963  0.665418
0.642547  0.665132
0.647256  0.664879
0.641649  0.664666
0.679318  0.664442
0.654028  0.664227
0.654629  0.663692
0.650578  0.66343
0.649081  0.663134
0.675585  0.663119
0.665226  0.662654
0.633128  0.662574
0.665548  0.66239
0.670463  0.662007
0.656806  0.661869
0.682185  0.661706
0.65271  0.661229
0.652564  0.661136
0.650896  0.66095
0.653374  0.660895
0.645519  0.660301
0.657883  0.660131
0.658357  0.65997
0.648775  0.659612
0.644593  0.659009
0.65455  0.658548
0.64929  0.658478
0.667182  0.658268
0.659609  0.65801
0.666535  0.657834
0.662067  0.657554
0.652284  0.657414
0.659437  0.657234
0.657925  0.657071
0.658326  0.656452
0.645072  0.656254
0.650549  0.656175
0.649778  0.656125
0.654066  0.655729
0.646337  0.655722
0.643059  0.655373
0.661616  0.655035
0.635074  0.654473
0.64682  0.654326
0.641673  0.65411
0.667358  0.653743
0.645642  0.653632
0.648707  0.653401
0.629362  0.653209
0.630838  0.653067
0.658891  0.65259
0.648364  0.652374
0.654107  0.652347
0.643968  0.651884
0.660358  0.651683
0.645341  0.651465
0.639728  0.651187
0.634921  0.650956
0.65338  0.650944
0.661611  0.650733
0.6611  0.650164
0.631334  0.649889
0.651703  0.649776
0.635988  0.649668
0.634345  0.649248
0.632701  0.648916
0.651051  0.648849
0.646196  0.648519
0.647044  0.648218
0.646849  0.648026
0.622728  0.647539
0.632372  0.647314
0.655041  0.646999
0.640784  0.646814
0.62916  0.64668
0.647039  0.646191
0.653795  0.646016
0.636237  0.645788
0.655436  0.645477
0.62993  0.645445
0.63822  0.645231
0.63959  0.644821
0.635624  0.644792
0.64405  0.644506
0.640394  0.644359
0.643562  0.643805
0.644606  0.643736
0.646648  0.643523
0.623078  0.643269
0.643105  0.642859
0.639158  0.642591
0.634432  0.642458
0.652911  0.642311
0.635933  0.642202
0.647187  0.641994
0.624813  0.641756
0.626103  0.641409
0.655428  0.641339
0.641079  0.640942
0.624533  0.6407
0.633631  0.640387
0.639732  0.6402
0.63996  0.639856
0.639962  0.639578
0.615594  0.639562
0.617845  0.639461
0.625162  0.639255
0.639462  0.6391
0.633855  0.63865
0.632947  0.638384
0.636039  0.638029
0.623718  0.637975
0.645063  0.637567
0.627494  0.637543
0.625494  0.636908
0.624362  0.636796
0.636147  0.63674
0.640054  0.63654
0.636259  0.636171
0.618375  0.636067
0.64448  0.635107
0.633681  0.634929
0.623942  0.634653
0.630103  0.634555
0.629909  0.634158
0.645573  0.634
0.631624  0.633793
0.650479  0.633671
0.629365  0.633522
0.632787  0.633186
0.62319  0.632983
0.636861  0.632661
0.609891  0.632204
0.63922  0.631837
0.619594  0.631677
0.63535  0.631581
0.630431  0.631391
0.618205  0.631253
0.612918  0.630822
0.635068  0.630624
0.617679  0.630191
0.623389  0.630023
0.619867  0.629992
0.608273  0.629391
0.615758  0.629293
0.632059  0.62903
0.628216  0.628593
0.63233  0.62829
0.637224  0.628165
0.633352  0.627663
0.630063  0.627148
0.632505  0.626922
0.625832  0.626799
0.622848  0.626589
0.626287  0.626441
0.62683  0.626102
0.623934  0.625988
0.623525  0.625867
0.630259  0.625138
0.616028  0.624829
0.611096  0.624594
0.623143  0.624459
0.614608  0.624361
0.620782  0.623971
0.626677  0.623896
0.608491  0.623493
0.614051  0.623308
0.62799  0.623188
0.625456  0.622556
0.615265  0.622301
0.606087  0.622059
0.628462  0.62166
0.605042  0.621521
0.607758  0.621403
0.614132  0.621076
0.604836  0.620927
0.613446  0.620622
0.622316  0.620471
0.619568  0.620112
0.61309  0.620015
0.623589  0.619576
0.627454  0.619338
0.612496  0.618627
0.615072  0.618541
0.609393  0.61838
0.873938  0.87412
0.886771  0.873826
0.882572  0.873481
0.869885  0.873149
0.880221  0.872673
0.866715  0.872169
0.889899  0.871902
0.881625  0.871478
0.851545  0.870679
0.86968  0.870601
0.88366  0.870532
0.873538  0.869756
0.866768  0.869529
0.875288  0.869273
0.871935  0.868977
0.852307  0.868716
0.877271  0.86825
0.868414  0.867737
0.857247  0.867435
0.830456  0.867253
0.862862  0.866531
0.865537  0.866419
0.88069  0.865891
0.859186  0.865325
0.852438  0.865058
0.86288  0.864914
0.857437  0.864461
0.84948  0.864376
0.864885  0.863844
0.864294  0.863239
0.863249  0.862697
0.872697  0.862459
0.861316  0.862115
0.852625  0.861857
0.872894  0.861721
0.85727  0.860678
0.861871  0.860503
0.830442  0.860116
0.843687  0.860072
0.854047  0.859808
0.87482  0.859605
0.85667  0.858705
0.870934  0.858658
0.85875  0.858471
0.84892  0.85761
0.859402  0.857206
0.847128  0.856895
0.852883  0.856797
0.861798  0.856556
0.862678  0.856222
0.852155  0.855994
0.820662  0.855502
0.856223  0.855282
0.874684  0.854262
0.851314  0.85416
0.854824  0.854106
0.835488  0.853122
0.857866  0.853028
0.856224  0.85288
0.857926  0.852513
0.841468  0.852263
0.832975  0.851818
0.850407  0.851167
0.840436  0.850877
0.844677  0.850506
0.866644  0.850154
0.827543  0.849418
0.867368  0.848438
0.834865  0.848313
0.83684  0.847702
0.865617  0.847155
0.82442  0.846715
0.846343  0.846598
0.834201  0.846494
0.839327  0.845563
0.835917  0.845191
0.84832  0.844641
0.818382  0.844362
0.860981  0.844195
0.848405  0.843472
0.820018  0.843155
0.859314  0.843095
0.826802  0.842877
0.827116  0.84259
0.819445  0.841654
0.864804  0.841598
0.82837  0.84113
0.853061  0.840383
0.833151  0.840238
0.836778  0.84009
0.852224  0.839533
0.825414  0.838708
0.830681  0.838535
0.824726  0.838056
0.856722  0.837509
0.85895  0.837287
0.865281  0.837061
0.829649  0.836513
0.825628  0.836018
0.834369  0.83558
0.828807  0.835275
0.845082  0.834819
0.833676  0.834607
0.817561  0.834046
0.820344  0.833657
0.834778  0.833225
0.826868  0.833191
0.813916  0.832372
0.83563  0.83226
0.805306  0.831914
0.827209  0.831654
0.836555  0.831172
0.807802  0.830479
0.826281  0.830171
0.85954  0.829928
0.822694  0.829734
0.838937  0.829041
0.801467  0.828691
0.814682  0.828414
0.838107  0.827389
0.8235  0.826609
0.830055  0.826523
0.829798  0.825864
0.828549  0.825588
0.830236  0.825317
0.817177  0.824952
0.834496  0.82466
0.816805  0.824045
0.79158  0.823711
0.834815  0.822951
0.802176  0.822635
0.81039  0.822247
0.811462  0.821843
0.838635  0.82172
0.798106  0.821547
0.8159  0.821156
0.804909  0.820484
0.80872  0.820326
0.853746  0.819566
0.829172  0.819339
0.818894  0.819035
0.839711  0.818835
0.81267  0.818275
0.805338  0.818173
0.802146  0.817408
0.818352  0.816808
0.80912  0.816407
0.781932  0.816199
0.815429  0.815976
0.802302  0.815612
0.788787  0.81533
0.789294  0.814544
0.812196  0.814044
0.807837  0.813885
0.792444  0.813353
0.806764  0.812854
0.802398  0.812737
0.824023  0.811951
0.808954  0.811433
0.81479  0.810727
0.802147  0.810458
0.800335  0.81015
0.807584  0.809769
0.806519  0.809072
0.801571  0.808654
0.814668  0.808611
0.795091  0.808503
0.804273  0.807394
0.810702  0.80672
0.803123  0.806711
0.808005  0.806089
0.802923  0.805862
0.794787  0.805345
0.806266  0.805053
0.791675  0.804748
0.792241  0.80433
0.791454  0.803734
0.803582  0.803216
0.774878  0.802874
0.79191  0.802812
0.804984  0.802409
0.788967  0.802318
0.784802  0.802044
0.78949  0.800876
0.80222  0.80062
0.791804  0.799954
0.804538  0.799138
0.788446  0.798365
0.80547  0.797696
0.802745  0.79738
0.780379  0.797087
0.794284  0.796709
0.78659  0.795969
0.775  0.795862
0.816503  0.795097
0.777181  0.79478
0.796063  0.794216
0.781558  0.793556
0.788729  0.792873
0.769346  0.792328
0.76084  0.792135
0.75617  0.791753
0.787562  0.791476
0.814793  0.791103
0.787891  0.790679
0.799685  0.789631
0.77187  0.789415
0.778252  0.789188
0.794212  0.789043
0.796084  0.788893
0.786014  0.788474
0.795258  0.787769
0.783097  0.786934
0.790278  0.786451
0.78538  0.785688
0.791974  0.785226
0.779707  0.78461
0.78023  0.78428
0.780395  0.783998
0.797605  0.783328
0.772748  0.782849
0.758796  0.782328
0.767028  0.78229
0.765957  0.781995
0.769388  0.781081
0.779055  0.780785
0.773007  0.780574
0.775504  0.77992
0.768201  0.779545
0.780533  0.779456
0.762799  0.778759
0.774828  0.778519
0.781129  0.778494
0.736505  0.778045
0.771472  0.776639
0.771752  0.77642
0.777613  0.77639
0.765677  0.775761
0.773532  0.775174
0.759641  0.775053
0.778342  0.773693
0.778417  0.773286
0.75387  0.77318
0.763277  0.772254
0.742074  0.771485
0.750517  0.771287
0.768677  0.770754
0.765586  0.770703
0.763933  0.770444
0.779617  0.769748
0.766501  0.769316
0.767084  0.769275
0.732303  0.768563
0.758175  0.76815
0.755666  0.767843
0.771329  0.767397
0.759751  0.766978
0.754734  0.766728
0.756919  0.765626
0.752375  0.765266
0.775412  0.765202
0.767945  0.764971
0.7697  0.764569
0.757618  0.763989
0.783664  0.76345
0.737515  0.76324
0.747918  0.762447
0.771372  0.762263
0.730867  0.761248
0.745389  0.760669
0.750427  0.760343
0.73838  0.759954
0.748805  0.759353
0.751528  0.758732
0.758307  0.758001
0.732186  0.757506
0.735385  0.757209
0.74776  0.756348
0.74454  0.756126
0.736492  0.755104
0.742985  0.754806
0.761457  0.754572
0.76203  0.754352
0.738303  0.753597
0.724087  0.75341
0.738668  0.752816
0.757382  0.752303
0.747332  0.750625
0.761196  0.750397
0.715894  0.749877
0.734422  0.749525
0.749815  0.748899
0.726012  0.748682
0.738846  0.747467
0.741539  0.747292
0.759767  0.745024
0.742637  0.744933
0.746164  0.744208
0.764005  0.743851
0.723469  0.743687
0.715867  0.743084
0.732492  0.742915
0.737159  0.741668
0.749184  0.741047
0.736615  0.740784
0.728249  0.740539
0.751139  0.739652
0.71432  0.739321
0.734277  0.738983
0.719384  0.737406
0.733902  0.737111
0.753865  0.736866
0.738249  0.736502
0.722046  0.735886
0.728388  0.735408
0.719554  0.734578
0.717851  0.733885
0.7055  0.733407
0.708982  0.733297
0.739467  0.732743
0.727576  0.731364
0.737069  0.731178
0.721641  0.730127
0.721785  0.730018
0.725306  0.729148
0.741846  0.728389
0.695112  0.728268
0.731034  0.72743
0.738542  0.72725
0.743832  0.726848
0.710772  0.725895
0.733294  0.725751
0.729922  0.725418
0.710482  0.725346
0.724559  0.724832
0.708582  0.724252
0.691448  0.723656
0.692157  0.722411
0.689598  0.721848
0.712392  0.721176
0.691182  0.720065
0.707613  0.719644
0.699358  0.719454
0.716474  0.718568
0.711233  0.718162
0.707807  0.717936
0.700021  0.717729
0.706774  0.716702
0.701801  0.716158
0.715295  0.715558
0.683317  0.714965
0.684883  0.714438
0.700066  0.713953
0.695659  0.713838
0.70537  0.712838
0.709787  0.712627
0.697073  0.711975
0.707405  0.710798
0.683074  0.71052
0.705195  0.709432
0.724912  0.709389
0.715223  0.708522
0.686045  0.707541
0.703801  0.707223
0.690984  0.706069
0.670141  0.70572
0.667512  0.70514
0.67299  0.704682
0.709716  0.704416
0.681013  0.702724
0.678527  0.702467
0.691486  0.70203
0.695911  0.701849
0.703284  0.700889
0.712365  0.699991
0.678659  0.699733
0.66211  0.698875
0.669707  0.698223
0.680908  0.697411
0.707593  0.696616
0.70537  0.695631
0.674452  0.695179
0.665664  0.694782
0.686316  0.694483
0.694415  0.694253
0.674549  0.693378
0.679317  0.692461
0.70682  0.691699
0.709783  0.691264
0.682369  0.690992
0.669019  0.690177
0.678898  0.689861
0.654238  0.689165
0.65445  0.688987
0.698995  0.687693
0.686784  0.687407
0.682023  0.686801
0.684914  0.685989
0.679172  0.685903
0.640239  0.684588
0.701794  0.684061
0.675983  0.68316
0.679035  0.68266
0.664465  0.682566
0.677193  0.682392
0.646738  0.680809
0.652069  0.679709
0.654725  0.678943
0.678925  0.678559
0.64741  0.677782
0.687947  0.677314
0.66286  0.67639
0.679742  0.675536
0.67438  0.675253
0.675926  0.674632
0.680102  0.673792
0.649082  0.672804
0.638007  0.672498
0.661682  0.670929
0.673345  0.670494
0.673057  0.669835
0.666064  0.669792
0.661536  0.669153
0.658485  0.668225
0.648612  0.667239
0.654883  0.666602
0.651923  0.666063
0.620551  0.665949
0.661379  0.66522
0.65004  0.664272
0.650161  0.663502
0.668846  0.661855
0.66174  0.661793
0.633789  0.661077
0.650213  0.660504
0.634325  0.65961
0.662819  0.659562
0.639203  0.658182
0.65615  0.657264
0.639645  0.656886
0.641896  0.656092
0.643135  0.655576
0.632156  0.655351
0.658495  0.654901
0.661112  0.654062
0.61689  0.653488
0.648869  0.652059
0.627419  0.651753
0.64324  0.65104
0.622173  0.650531
0.616212  0.648216
0.63506  0.647716
0.618205  0.646911
0.623656  0.646369
0.631378  0.646231
0.653506  0.64558
0.621956  0.644561
0.644055  0.644094
0.622807  0.642703
0.651816  0.641697
0.608542  0.641222
0.63208  0.64002
0.628347  0.639035
0.633845  0.637303
0.590933  0.636952
0.633398  0.636361
0.604797  0.635874
0.62395  0.635314
0.611485  0.634504
0.617515  0.633683
0.609349  0.633371
0.620912  0.632553
0.596715  0.631508
0.62593  0.631017
0.638631  0.629513
0.622543  0.628465
0.609469  0.627407
0.598361  0.627058
0.620875  0.626363
0.612038  0.626011
0.616689  0.623571
0.602879  0.623502
0.579357  0.623258
0.586996  0.62247
0.612043  0.621706
0.607648  0.621197
0.590646  0.620007
0.609623  0.619087
0.590843  0.618893
0.598889  0.61821
0.619965  0.617376
0.556903  0.61599
0.598741  0.614631
0.611  0.613412
0.613786  0.612541
0.603017  0.611431
0.592248  0.610931
0.596157  0.610026
0.609355  0.609423
0.62021  0.608156
0.633358  0.607508
0.583814  0.605975
0.589034  0.605516
0.587424  0.604544
0.577052  0.604102
0.545076  0.602559
0.584089  0.602056
0.593211  0.601629
0.600869  0.601191
0.561237  0.599614
0.578977  0.598592
0.562275  0.597746
0.602419  0.596862
0.619109  0.596482
0.57483  0.596158
0.591027  0.594204
0.534802  0.593686
0.573382  0.592196
0.576537  0.591505
0.569961  0.591075
0.571591  0.589987
0.58407  0.589127
0.610641  0.588201
0.592314  0.587834
0.544929  0.585668
0.610539  0.585122
0.559708  0.584085
0.568969  0.582896
0.579497  0.582489
0.558982  0.58132
0.573066  0.581162
0.541326  0.579671
0.552559  0.578672
0.545875  0.577557
0.560775  0.576539
0.565136  0.575215
0.527097  0.574304
0.557461  0.572705
0.563559  0.5723
0.573307  0.571955
0.556514  0.571376
0.534002  0.569493
0.576691  0.568842
0.56629  0.568275
0.565821  0.567775
0.546387  0.566588
0.556108  0.565621
0.570454  0.564601
0.547756  0.564135
0.536737  0.563017
0.522782  0.561653
0.517444  0.560934
0.571455  0.559611
0.528715  0.557928
0.527482  0.557871
0.55728  0.55666
0.513781  0.556057
0.544964  0.555178
0.536569  0.553868
0.531225  0.552616
0.518813  0.551593
0.54852  0.55095
0.512287  0.549605
0.533085  0.548668
0.496631  0.546607
0.501289  0.545859
0.516317  0.545168
0.547273  0.543999
0.530843  0.543921
0.497257  0.543651
0.497831  0.540331
0.561501  0.53989
0.526433  0.539695
0.536891  0.53757
0.529124  0.536483
0.500333  0.536267
0.518398  0.535833
0.484138  0.535249
0.483197  0.532765
0.494417  0.532442
0.469557  0.531384
0.510455  0.530914
0.504281  0.529768
0.542202  0.529295
0.503503  0.52496
0.550376  0.524185
0.51544  0.523566
0.51992  0.522627
0.47842  0.521524
0.490536  0.520766
0.532535  0.519953
0.508697  0.519216
0.505823  0.517551
0.507886  0.517064
0.490364  0.513312
0.476213  0.513102
0.483032  0.512874
0.499639  0.512052
0.478153  0.511068
0.528305  0.510698
0.484066  0.5103
0.421401  0.50571
0.494757  0.505027
0.486034  0.502377
0.479786  0.501657
0.46864  0.500015
0.494307  0.498449
0.503683  0.497462
0.496637  0.496132
0.470806  0.494686
0.475539  0.494053
0.454319  0.492769
0.489438  0.49027
0.479367  0.489718
0.476854  0.487724
0.47775  0.48656
0.467994  0.484452
0.472628  0.484046
0.465108  0.483169
0.465655  0.480738
0.449517  0.476807
0.48461  0.476201
0.485986  0.475008
0.436631  0.473321
0.419774  0.473062
0.431877  0.470702
0.446716  0.469518
0.445594  0.46921
0.468502  0.46786
0.420567  0.46673
0.474891  0.465125
0.413688  0.463206
0.465358  0.462208
0.434528  0.461156
0.425167  0.460312
0.464836  0.457552
0.437496  0.456277
0.422066  0.455504
0.401208  0.452883
0.40202  0.449572
0.396664  0.448803
0.366772  0.446212
0.401498  0.44543
0.428307  0.444221
0.442686  0.442173
0.491362  0.441634
0.404838  0.440544
0.390032  0.438984
0.400114  0.437805
0.429114  0.435962
0.397401  0.434858
0.44125  0.43301
0.440288  0.431271
0.418809  0.429233
0.39804  0.426849
0.388019  0.425068
0.424531  0.423067
0.422584  0.422747
0.400881  0.420695
0.40806  0.418636
0.406158  0.416779
0.383984  0.412189
0.362831  0.411392
0.360204  0.411227
0.356381  0.410161
0.39814  0.406454
0.35178  0.405802
0.405552  0.40252
0.377715  0.401528
0.35068  0.400316
0.402611  0.39844
0.360158  0.397766
0.388659  0.396678
0.353079  0.394442
0.306187  0.39103
0.367481  0.388775
0.338222  0.387511
0.361722  0.385701
0.305004  0.382293
0.325343  0.379417
0.352936  0.376336
0.360562  0.375388
0.346215  0.372788
0.302111  0.36559
0.348452  0.364303
0.337609  0.364222
0.353621  0.363389
0.370389  0.35981
0.355341  0.359239
0.343113  0.358856
0.344235  0.35511
0.271933  0.353627
0.269049  0.352198
0.271326  0.351375
0.334628  0.349697
0.331668  0.345669
0.268878  0.342279
0.312112  0.339049
0.302213  0.338064
0.304279  0.333746
0.311141  0.332927
0.321825  0.331586
0.271207  0.330929
0.315694  0.328179
0.300435  0.32305
0.302375  0.320102
0.282916  0.315888
0.306392  0.315476
0.271863  0.314435
0.259001  0.313906
0.275224  0.309142
0.275834  0.308468
0.267506  0.304347
0.252685  0.303005
0.253045  0.299504
0.23623  0.295684
0.3011  0.291853
0.245409  0.289621
0.204934  0.287258
0.246358  0.279963
0.204557  0.276478
0.193297  0.274006
0.23315  0.27041
0.241568  0.26319
0.213734  0.262067
0.205037  0.257376
0.196089  0.255898
0.168826  0.252233
0.216008  0.244108
0.140801  0.237776
0.171713  0.236828
0.227196  0.231267
0.151299  0.228079
0.12021  0.224526
0.126601  0.220036
0.213227  0.214593
0.163  0.213214
0.131636  0.210491
0.155876  0.20372
0.113431  0.196847
0.0689628  0.185762
0.106153  0.185298
0.108304  0.180672
0.126258  0.173724
0.0915058  0.166614
0.120538  0.159304
0.0578327  0.150324
0.152236  0.139953
0.0170645  0.12614
129.208  10.7328
80.3592  9.9937
16.4081  9.46416
15.3013  8.73596
14.9679  8.22449
13.746  7.91705
11.1559  7.47954
14.2644  7.3987
9.79731  7.37053
9.63112  7.06534
9.22964  7.05242
11.9729  6.95082
7.42742  6.61423
8.44142  6.5373
10.9642  6.53169
8.81687  6.35944
7.81641  6.12328
9.89306  6.06971
6.77537  5.96252
8.97012  5.87582
5.65407  5.72183
7.30275  5.65709
7.63648  5.46148
7.74173  5.42028
5.93679  5.39869
5.99959  5.30598
5.54042  5.27947
6.12576  5.19703
6.2764  5.11413
5.44803  5.10435
6.66588  4.99908
5.45149  4.95539
5.51154  4.90124
5.52394  4.88941
6.09361  4.87266
5.05825  4.7782
6.08308  4.74309
5.3934  4.67471
6.15957  4.64513
5.43498  4.58506
5.34125  4.54242
5.33277  4.5255
4.63565  4.51834
4.91168  4.46056
5.21421  4.41608
5.03971  4.40844
5.0094  4.39106
4.86728  4.3236
5.83478  4.28905
4.67854  4.23898
4.82341  4.22163
5.48542  4.1854
4.80473  4.15733
4.5217  4.06484
4.56649  4.05388
4.24842  4.0278
4.39116  4.00642
4.8854  3.99361
4.40084  3.9907
5.16813  3.95419
4.88415  3.94087
4.0758  3.9238
4.4759  3.90887
3.88643  3.87936
3.92513  3.83862
3.84092  3.833
4.71115  3.80513
3.82792  3.78104
4.0632  3.77735
4.66757  3.77625
4.5288  3.75088
4.3565  3.7374
4.13114  3.7322
3.98618  3.70427
4.08262  3.66321
4.16969  3.65779
3.81858  3.61999
3.79174  3.60004
4.13364  3.58793
3.87973  3.58157
4.30623  3.5737
4.12964  3.5498
3.45805  3.53746
3.76592  3.51908
3.7506  3.5043
4.03836  3.49255
4.05713  3.46545
3.57981  3.45383
4.05614  3.43269
3.55854  3.41896
4.04649  3.4152
4.01829  3.40336
3.39602  3.39402
3.39191  3.3793
3.54846  3.35622
3.62847  3.33413
3.43498  3.31973
3.62524  3.3001
3.68681  3.28102
3.09315  3.27731
3.08806  3.26129
3.70314  3.25978
3.29567  3.25644
3.3562  3.23423
3.25628  3.22459
3.41699  3.19819
3.42293  3.19046
3.28797  3.17649
3.11456  3.17081
3.49197  3.15705
3.38372  3.15139
3.62727  3.13887
3.1912  3.12884
2.92287  3.12524
3.59364  3.11108
3.46375  3.09896
3.42146  3.09452
3.12266  3.09235
3.30021  3.06974
3.15874  3.06118
2.94809  3.05016
3.14549  3.02915
3.43361  3.02398
3.33639  3.00843
3.42183  3.00705
3.1681  3.00007
3.3931  2.99573
3.13987  2.99299
3.273  2.97379
2.90543  2.97086
3.14108  2.95479
3.12359  2.95246
2.97761  2.9456
3.01254  2.93534
3.08107  2.93359
3.24434  2.92105
3.1905  2.89544
3.11561  2.89434
2.96875  2.88405
3.09641  2.87525
3.09564  2.87463
2.89114  2.86721
3.01295  2.8562
2.63825  2.84973
2.81496  2.84626
2.81632  2.83734
2.93238  2.83591
2.91261  2.83139
2.89655  2.82529
2.72381  2.81551
2.89161  2.81432
2.62255  2.80466
3.05294  2.7919
3.1643  2.78257
2.81419  2.7795
3.10838  2.77221
2.89993  2.76581
2.90466  2.76517
2.836  2.76035
2.85279  2.75778
2.70135  2.74618
2.69582  2.74273
2.87875  2.73818
2.69554  2.72589
2.84943  2.72171
2.79635  2.71421
3.04014  2.70596
2.89026  2.70052
2.77796  2.69666
2.71615  2.68994
2.80603  2.68865
2.70965  2.67794
2.77556  2.67465
2.75407  2.66154
2.72587  2.66021
2.58668  2.6528
2.86142  2.64494
2.62836  2.63894
2.69165  2.63394
2.69365  2.63188
2.55447  2.62935
2.58235  2.62825
2.71978  2.62303
2.64541  2.60389
2.609  2.60178
2.66307  2.59376
2.42365  2.58889
2.68294  2.58414
2.72566  2.58029
2.54241  2.57467
2.76813  2.57334
2.74466  2.56292
2.53751  2.55794
2.53359  2.55632
2.7975  2.55284
2.47144  2.54256
2.6672  2.53819
2.52508  2.53725
2.77972  2.52811
2.60656  2.52769
2.49669  2.52573
2.54268  2.5234
2.70194  2.52224
2.47958  2.5119
2.63503  2.50707
2.58579  2.50395
2.48891  2.49824
2.29522  2.49691
2.42529  2.49054
2.53528  2.48945
2.51387  2.47869
2.49584  2.47141
2.45693  2.47048
2.54309  2.46914
2.71445  2.46691
2.51827  2.46581
2.34197  2.45853
2.55529  2.45396
2.43106  2.44924
2.37531  2.44546
2.57517  2.44348
2.36869  2.43416
2.5514  2.43311
2.60982  2.42897
2.4722  2.42304
2.42223  2.42124
2.43827  2.41608
2.45254  2.41476
2.66908  2.40577
2.42694  2.40228
2.55702  2.39942
2.53252  2.39635
2.42089  2.39082
2.47716  2.38212
2.45845  2.38043
2.38147  2.37516
2.30561  2.3742
2.46545  2.36992
2.61253  2.36541
2.41687  2.36071
2.33046  2.35671
2.32339  2.35516
2.38098  2.35298
2.37074  2.35055
2.37106  2.34969
2.30383  2.34474
2.45787  2.34385
2.46678  2.34078
2.35401  2.33863
2.40734  2.33284
2.32919  2.32797
2.42096  2.32261
2.21397  2.32128
2.3396  2.31996
2.34312  2.31723
2.38595  2.31383
2.32606  2.30856
2.3076  2.30552
2.33208  2.30236
2.23558  2.30023
2.34391  2.29085
2.28515  2.29058
2.34647  2.28107
2.19709  2.28006
2.20094  2.27741
2.2434  2.27312
2.32048  2.26429
2.34517  2.26118
2.29011  2.25833
2.3521  2.25704
2.31865  2.25262
2.15786  2.2513
2.10044  2.25119
2.32583  2.24706
2.25517  2.24495
2.42496  2.24075
2.27732  2.23804
2.21061  2.23582
2.39015  2.22988
2.28967  2.22838
2.22236  2.22447
2.23677  2.22167
2.33735  2.22046
2.2822  2.21764
2.22845  2.2133
2.35476  2.20978
2.17357  2.20713
2.20203  2.20536
2.27874  2.20229
2.28188  2.20151
2.26075  2.19654
2.18449  2.19561
2.23468  2.19354
2.24245  2.19291
2.21424  2.18756
2.25278  2.18284
2.21406  2.18176
2.14217  2.17764
2.2055  2.17142
2.16574  2.17089
2.26514  2.1688
2.18284  2.16315
2.2392  2.16063
2.1687  2.15992
2.16215  2.15834
2.24329  2.15578
2.11267  2.15481
2.16336  2.15354
2.2131  2.15022
2.18054  2.14872
2.24508  2.14543
2.19166  2.14305
2.16781  2.13913
2.17244  2.13639
2.29125  2.13469
2.12567  2.12956
2.21237  2.12885
2.11698  2.12454
2.12977  2.12173
2.19526  2.12024
2.06239  2.11836
2.11333  2.1151
2.07585  2.11373
2.04303  2.11129
2.22586  2.10861
2.136  2.10452
2.1142  2.10248
2.09812  2.1014
2.10934  2.09755
2.058  2.09737
2.04484  2.0958
2.14916  2.09395
2.04495  2.0932
2.19034  2.08765
2.06914  2.08731
2.12595  2.0863
2.15461  2.0854
2.10157  2.08101
2.12217  2.07975
2.10885  2.07671
2.16109  2.0727
2.17741  2.07231
2.0901  2.07023
2.12536  2.06778
2.04524  2.06618
2.06473  2.06108
2.06676  2.06002
2.14045  2.0589
2.12957  2.05833
2.07897  2.05685
2.0922  2.05629
2.06866  2.05462
2.10031  2.05107
2.01349  2.04826
2.13425  2.04589
2.06792  2.04404
2.05134  2.04221
2.01534  2.04112
2.09517  2.03724
2.15464  2.03201
2.10605  2.03172
2.04537  2.03067
2.06178  2.0276
2.06396  2.02509
2.04835  2.02409
2.11373  2.02391
2.0846  2.02195
2.00731  2.02138
1.98585  2.01893
1.98151  2.01837
2.06103  2.01266
2.09253  2.01096
1.9828  2.00948
2.06906  2.00806
2.08565  2.00795
2.04461  2.00529
2.06447  2.00179
1.97041  2.00056
1.99249  1.99861
2.04026  1.99532
1.98022  1.99512
1.97033  1.994
1.94222  1.99081
1.91929  1.9905
1.98138  1.98713
2.01936  1.98292
1.96695  1.97958
2.12863  1.97876
1.97583  1.97705
2.01737  1.97564
2.01748  1.97191
1.99361  1.97184
2.1152  1.97085
1.96983  1.9692
1.93723  1.96791
1.97844  1.96597
2.0538  1.96401
1.92841  1.96352
1.96189  1.96229
1.97547  1.95949
1.95363  1.9589
2.00602  1.95656
1.9438  1.95584
2.02288  1.95305
1.95504  1.95219
2.03831  1.95029
1.95188  1.94913
2.08604  1.94788
1.99292  1.9478
1.93049  1.94439
1.98104  1.94105
2.00995  1.93955
1.93987  1.93748
1.95006  1.93306
1.94134  1.93234
1.98391  1.93099
1.91784  1.92964
1.8618  1.92737
1.90592  1.92622
1.9911  1.9251
1.8386  1.92432
1.97103  1.92031
1.92111  1.91936
1.90465  1.9185
1.84764  1.91473
1.87886  1.91354
1.9566  1.91155
1.90597  1.91129
1.90794  1.91023
1.91136  1.90837
1.92947  1.90688
1.9102  1.90582
1.90882  1.90349
1.86384  1.90343
1.91858  1.90038
1.92831  1.89901
1.87116  1.89629
1.9468  1.89429
1.89757  1.89324
1.89813  1.89232
1.90789  1.89039
1.88062  1.88904
1.97323  1.88722
1.90885  1.88641
1.89454  1.88401
1.85548  1.88313
1.93192  1.88216
1.9317  1.88103
1.86348  1.88032
1.85031  1.87838
1.84358  1.87507
2.0039  1.87384
1.88659  1.8724
1.82808  1.87109
1.8451  1.8703
1.99833  1.86852
1.96976  1.86618
1.89789  1.86579
1.91334  1.86454
1.88842  1.86315
1.88092  1.86111
1.92404  1.8608
1.94784  1.85915
1.96029  1.85759
1.89779  1.85476
1.84187  1.85378
1.8789  1.85216
1.8752  1.8514
1.95631  1.84989
1.83071  1.8467
1.88461  1.84604
1.87257  1.84555
1.83653  1.84448
1.8448  1.84427
1.90153  1.84408
1.83613  1.84306
1.86916  1.8415
1.72363  1.84111
1.8792  1.83772
1.85278  1.83673
1.79125  1.83477
1.86084  1.8336
1.81899  1.8329
1.82499  1.83253
1.86245  1.8312
1.89505  1.82896
1.84009  1.82585
1.85485  1.82507
1.78982  1.82473
1.90005  1.824
1.86096  1.82332
1.88206  1.82121
1.79666  1.82048
1.88545  1.81822
1.87228  1.81713
1.94892  1.81513
1.85679  1.81331
1.86831  1.81282
1.87583  1.81267
1.89735  1.81176
1.87755  1.80981
1.84317  1.80733
1.79098  1.80687
1.86904  1.8063
1.85548  1.80573
1.79291  1.80433
1.80418  1.80416
1.81999  1.80106
1.83995  1.79878
1.84243  1.79849
1.76258  1.79745
1.8157  1.79528
1.82346  1.79469
1.83406  1.79384
1.88772  1.7903
1.81476  1.7895
1.78901  1.78826
1.78203  1.78768
1.82522  1.78685
1.8173  1.7864
1.83782  1.78514
1.78502  1.78405
1.72203  1.78278
1.73022  1.78252
1.78551  1.78187
1.78041  1.78067
1.80034  1.77917
1.79574  1.77777
1.79344  1.77532
1.86537  1.77408
1.87351  1.77349
1.81703  1.77284
1.73682  1.77129
1.82587  1.77089
1.75377  1.76977
1.82891  1.76684
1.814  1.76495
1.79735  1.76384
1.83088  1.76248
1.81123  1.76182
1.81361  1.76143
1.79718  1.76102
1.70642  1.76042
1.78572  1.75919
1.87112  1.75862
1.75976  1.75739
1.76235  1.75514
1.75871  1.75446
1.73993  1.75349
1.71579  1.75285
1.76055  1.74983
1.77963  1.74893
1.81241  1.74794
1.83044  1.74558
1.75028  1.74473
1.78965  1.74347
1.71451  1.7427
1.7228  1.74132
1.73228  1.74122
1.74264  1.74091
1.79481  1.73904
1.79313  1.7384
1.72314  1.73517
1.74862  1.73443
1.71372  1.73292
1.74577  1.73282
1.78589  1.73155
1.70144  1.73113
1.76994  1.73005
1.7108  1.72945
1.81267  1.72783
1.6911  1.72658
1.72253  1.72518
1.70264  1.72444
1.77791  1.72386
1.7235  1.72317
1.77438  1.72126
1.75852  1.71954
1.7132  1.71925
1.77231  1.71845
1.78147  1.71754
1.78102  1.71531
1.70868  1.71419
1.72561  1.7129
1.7038  1.71171
1.7012  1.71046
1.73395  1.70845
1.8046  1.70727
1.74641  1.70686
1.71266  1.70642
1.74091  1.70583
1.73546  1.70487
1.69239  1.70473
1.73585  1.70468
1.75635  1.70276
1.73519  1.70254
1.70765  1.70214
1.66073  1.70083
1.76036  1.69868
1.76703  1.69764
1.73367  1.69728
1.75225  1.69656
1.75203  1.69482
1.69596  1.69201
1.68379  1.69122
1.70878  1.68993
1.68859  1.68897
1.71427  1.68786
1.76051  1.68659
1.70481  1.68631
1.70746  1.6856
1.74494  1.68468
1.79243  1.68386
1.66913  1.68259
1.70427  1.68257
1.69103  1.68089
1.70365  1.67972
1.65232  1.67906
1.69313  1.67833
1.77318  1.67753
1.65289  1.67673
1.73919  1.67573
1.74753  1.67551
1.70098  1.67501
1.68167  1.6741
1.77868  1.67255
1.7403  1.67158
1.69451  1.67089
1.75908  1.66999
1.6723  1.6694
1.67643  1.66864
1.70389  1.66839
1.64727  1.66763
1.66801  1.66575
1.6689  1.66567
1.70585  1.66464
1.72553  1.6629
1.67269  1.66268
1.7872  1.66097
1.67812  1.66005
1.71236  1.65812
1.69915  1.65647
1.65344  1.65642
1.69575  1.65522
1.69711  1.65403
1.69584  1.65359
1.64543  1.65261
1.64998  1.65046
1.6803  1.64997
1.65414  1.64963
1.60797  1.64893
1.66144  1.64828
1.7203  1.64786
1.70856  1.64599
1.67472  1.64565
1.67977  1.64366
1.71486  1.64319
1.71055  1.64305
1.64446  1.64242
1.64367  1.64186
1.67581  1.64037
1.64441  1.63949
1.62896  1.63908
1.67165  1.63894
1.63917  1.63769
1.66619  1.63518
1.66975  1.63501
1.68696  1.63454
1.69277  1.63447
1.71776  1.63146
1.65071  1.63054
1.66547  1.62969
1.63189  1.6282
1.7014  1.628
1.65892  1.62682
1.61686  1.62676
1.61373  1.6257
1.70182  1.62469
1.64337  1.62463
1.6441  1.62408
1.63239  1.62363
1.61471  1.62142
1.65363  1.62124
1.64472  1.62009
1.6391  1.61968
1.67219  1.61916
1.72163  1.61794
1.66615  1.61759
1.623  1.61484
1.60756  1.61406
1.62495  1.61329
1.6492  1.6129
1.67883  1.61128
1.72619  1.61084
1.61474  1.60882
1.63061  1.60764
1.65897  1.60634
1.62679  1.60505
1.64554  1.60353
1.66756  1.60236
1.6183  1.6013
1.63785  1.60066
1.64842  1.59891
1.64307  1.59841
1.63858  1.59825
1.65305  1.59697
1.64544  1.59586
1.63932  1.59431
1.63447  1.5939
1.61897  1.5934
1.58204  1.59214
1.6043  1.59084
1.65681  1.59048
1.58675  1.5904
1.64524  1.58955
1.60999  1.58692
1.67727  1.58553
1.64756  1.58526
1.60145  1.5837
1.60858  1.58305
1.68047  1.58186
1.62728  1.58022
1.62224  1.58008
1.62334  1.57908
1.55132  1.57792
1.59254  1.57709
1.68813  1.57231
1.6281  1.57043
1.64783  1.57035
1.6671  1.57006
1.59389  1.56882
1.63376  1.5683
1.65498  1.5671
1.63655  1.56564
1.58222  1.56252
1.59646  1.56149
1.60491  1.56097
1.61061  1.54782
